1 9
1 33
1 11
1 36
1 51
1 39
1 7
1 54
1 30
1 15
1 42
1 40
1 53
1 5
1 17
1 38
1 35
1 29
1 50
1 37
1 41
1 19
1 28
1 48
1 44
1 52
1 32
1 20
1 3
1 13
1 4
1 24
1 25
1 46
1 12
1 6
1 34
1 10
1 21
1 31
1 27
1 43
1 49
1 1
1 8
1 22
1 23
1 2
1 26
1 45
1 18
1 16
1 47
1 14
4 29
4 12
4 28
4 44
4 31
4 48
4 23
4 18
4 47
4 4
4 13
4 26
4 15
4 22
4 9
4 7
4 53
4 19
4 54
4 10
4 6
4 8
4 43
4 25
4 11
4 14
4 46
4 34
4 5
4 40
4 33
4 24
4 16
4 36
4 17
4 20
4 2
4 1
4 30
4 21
4 38
4 49
4 51
4 35
4 39
4 37
4 52
4 50
4 42
4 45
4 3
4 32
4 41
4 27
1 3
5
